# unix_time, cycles_done, cur_path, paths_total, pending_total, pending_favs, map_size, unique_crashes, unique_hangs, max_depth, execs_per_sec
1569778922, 0, 0, 10, 10, 6, 0.38%, 0, 0, 1, 29.34
1569778927, 0, 1, 10, 10, 6, 0.38%, 0, 0, 1, 24.45
1569778978, 0, 1, 14, 14, 6, 0.39%, 0, 0, 2, 24.45
1569778984, 0, 1, 17, 17, 6, 0.39%, 0, 0, 2, 24.44
1569778989, 0, 1, 18, 18, 6, 0.39%, 0, 0, 2, 24.55
1569778994, 0, 1, 20, 20, 6, 0.39%, 0, 0, 2, 24.26
1569779014, 0, 1, 21, 21, 6, 0.39%, 0, 0, 2, 23.87
1569779040, 0, 1, 22, 22, 6, 0.39%, 0, 0, 2, 24.34
1569779096, 0, 1, 23, 23, 6, 0.39%, 0, 0, 2, 19.23
1569779132, 0, 1, 24, 24, 6, 0.39%, 0, 0, 2, 20.26
1569779137, 0, 1, 25, 25, 6, 0.39%, 0, 0, 2, 21.78
1569780691, 0, 4, 25, 24, 10, 0.39%, 0, 0, 2, 6.64
1569780702, 0, 4, 27, 26, 10, 0.39%, 0, 0, 2, 8.86
1569780707, 0, 4, 29, 28, 10, 0.39%, 0, 0, 2, 11.61
1569780712, 0, 4, 33, 32, 10, 0.39%, 0, 0, 2, 11.42
1569780717, 0, 4, 34, 33, 10, 0.39%, 0, 0, 2, 12.11
1569780722, 0, 4, 36, 35, 10, 0.39%, 0, 0, 2, 13.24
1569780727, 0, 4, 37, 36, 10, 0.39%, 0, 0, 2, 15.87
1569780748, 0, 4, 38, 37, 10, 0.39%, 0, 0, 2, 13.46
1569780758, 0, 4, 39, 38, 10, 0.39%, 0, 0, 2, 13.09
1569780768, 0, 4, 41, 40, 10, 0.39%, 0, 0, 2, 12.89
1569780922, 0, 4, 44, 43, 10, 0.39%, 0, 0, 2, 15.82
1569780927, 0, 4, 46, 45, 10, 0.39%, 0, 0, 2, 15.49
1569780932, 0, 4, 47, 46, 10, 0.39%, 0, 0, 2, 15.93
1569780937, 0, 4, 50, 49, 10, 0.39%, 0, 0, 2, 17.49
1569780942, 0, 4, 52, 51, 10, 0.39%, 0, 0, 2, 16.93
1569780947, 0, 4, 54, 53, 10, 0.39%, 0, 0, 2, 15.60
1569780953, 0, 4, 56, 55, 10, 0.39%, 0, 0, 2, 15.33
1569780973, 0, 4, 59, 58, 10, 0.39%, 0, 0, 2, 23.65
1569780978, 0, 4, 61, 60, 10, 0.39%, 0, 0, 2, 31.33
1569780983, 0, 4, 66, 65, 10, 0.40%, 0, 0, 2, 31.96
1569780988, 0, 4, 71, 70, 10, 0.40%, 0, 0, 2, 32.54
1569780994, 0, 4, 75, 74, 10, 0.40%, 0, 0, 2, 32.67
1569780999, 0, 4, 76, 75, 10, 0.40%, 0, 0, 2, 32.36
1569781019, 0, 4, 80, 79, 10, 0.40%, 0, 0, 2, 32.07
1569781025, 0, 4, 83, 82, 10, 0.40%, 0, 0, 2, 32.65
1569781030, 0, 4, 84, 83, 10, 0.40%, 0, 0, 2, 32.06
1569781040, 0, 4, 85, 84, 10, 0.40%, 0, 0, 2, 5.90
1569781091, 0, 4, 87, 86, 10, 0.40%, 0, 0, 2, 31.47
1569781096, 0, 4, 97, 96, 10, 0.40%, 0, 0, 2, 31.47
1569781101, 0, 4, 105, 104, 10, 0.40%, 0, 0, 2, 31.55
1569781106, 0, 4, 108, 107, 10, 0.40%, 0, 0, 2, 31.64
1569781111, 0, 4, 113, 112, 10, 0.40%, 0, 0, 2, 31.35
1569781116, 0, 4, 114, 113, 10, 0.40%, 1, 0, 2, 31.30
1569781121, 0, 4, 119, 118, 10, 0.40%, 1, 0, 2, 31.91
1569781126, 0, 4, 124, 123, 10, 0.40%, 1, 0, 2, 31.46
1569781229, 0, 4, 125, 124, 10, 0.40%, 1, 0, 2, 9.24
1569781244, 0, 4, 127, 126, 10, 0.40%, 1, 0, 2, 15.94
1569781254, 0, 4, 129, 128, 10, 0.40%, 1, 0, 2, 16.44
1569781259, 0, 4, 130, 129, 10, 0.40%, 1, 0, 2, 16.83
1569781265, 0, 4, 131, 130, 10, 0.40%, 1, 0, 2, 16.58
1569781275, 0, 4, 133, 132, 10, 0.40%, 1, 0, 2, 15.51
1569781285, 0, 4, 134, 133, 10, 0.40%, 1, 0, 2, 14.15
1569781290, 0, 4, 135, 134, 10, 0.40%, 1, 0, 2, 14.14
1569781295, 0, 4, 136, 135, 10, 0.40%, 1, 0, 2, 14.14
1569781321, 0, 4, 138, 137, 10, 0.40%, 1, 0, 2, 14.29
1569781347, 0, 4, 139, 138, 10, 0.40%, 1, 0, 2, 14.22
1569781352, 0, 4, 140, 139, 10, 0.40%, 1, 0, 2, 14.27
1569781393, 0, 4, 141, 140, 10, 0.40%, 1, 0, 2, 15.79
1569781418, 0, 4, 141, 140, 10, 0.40%, 2, 0, 2, 16.94
1569781433, 0, 4, 142, 141, 10, 0.40%, 2, 0, 2, 15.56
1569781438, 0, 4, 144, 143, 10, 0.40%, 2, 0, 2, 15.02
1569781515, 0, 4, 144, 143, 10, 0.40%, 3, 0, 2, 9.61
1569781552, 0, 4, 145, 144, 10, 0.40%, 3, 0, 2, 12.39
1569781598, 0, 4, 146, 145, 10, 0.40%, 3, 0, 2, 10.69
1569781613, 0, 5, 146, 144, 14, 0.40%, 3, 0, 2, 10.93
1569781899, 0, 61, 146, 143, 13, 0.40%, 3, 0, 2, 26.19
1569782129, 0, 62, 146, 142, 12, 0.40%, 3, 0, 2, 32.14
1569782354, 0, 69, 146, 141, 11, 0.40%, 3, 0, 2, 32.13
1569782578, 0, 72, 146, 140, 10, 0.40%, 3, 0, 2, 33.04
1569782803, 0, 88, 146, 139, 9, 0.40%, 3, 0, 2, 31.80
1569782936, 0, 96, 146, 138, 8, 0.40%, 3, 0, 2, 32.81
1569783121, 0, 101, 146, 137, 7, 0.40%, 3, 0, 2, 33.35
1569783299, 0, 102, 146, 136, 6, 0.40%, 3, 0, 2, 7.70
1569783657, 0, 104, 146, 135, 5, 0.40%, 3, 0, 2, 34.54
1569783811, 0, 104, 147, 136, 5, 0.40%, 3, 0, 3, 33.70
1569783816, 0, 104, 148, 137, 5, 0.40%, 3, 0, 3, 34.61
1569783826, 0, 104, 149, 138, 5, 0.40%, 3, 0, 3, 8.37
1569783867, 0, 104, 150, 139, 5, 0.40%, 3, 0, 3, 32.37
1569783883, 0, 104, 151, 140, 5, 0.40%, 3, 0, 3, 32.66
1569783888, 0, 104, 152, 141, 5, 0.40%, 3, 0, 3, 33.60
1569783939, 0, 104, 153, 142, 5, 0.40%, 3, 0, 3, 32.51
1569783944, 0, 104, 154, 143, 5, 0.40%, 3, 0, 3, 26.30
1569784021, 0, 104, 154, 143, 5, 0.40%, 4, 0, 3, 8.86
1569784057, 0, 104, 155, 144, 5, 0.40%, 5, 0, 3, 13.23
1569784072, 0, 104, 156, 145, 5, 0.40%, 5, 0, 3, 13.36
1569784138, 0, 104, 157, 146, 5, 0.40%, 5, 0, 3, 13.31
1569784159, 0, 104, 158, 147, 5, 0.40%, 5, 0, 3, 13.20
1569784169, 0, 108, 158, 146, 3, 0.40%, 5, 0, 3, 13.18
1569784766, 0, 114, 158, 145, 2, 0.40%, 5, 0, 3, 33.85
1569784958, 0, 147, 158, 144, 1, 0.40%, 5, 0, 3, 33.87
1569784968, 0, 147, 159, 145, 1, 0.40%, 5, 0, 4, 33.97
1569785210, 0, 147, 160, 146, 1, 0.40%, 5, 0, 4, 33.72
1569785215, 0, 147, 163, 149, 1, 0.40%, 5, 0, 4, 33.68
1569785231, 0, 147, 164, 150, 1, 0.40%, 5, 0, 4, 33.72
1569785236, 0, 147, 167, 153, 1, 0.40%, 5, 0, 4, 33.74
1569785241, 0, 147, 168, 154, 1, 0.40%, 5, 0, 4, 33.63
1569785246, 0, 147, 169, 155, 1, 0.40%, 5, 0, 4, 33.55
1569785262, 0, 147, 170, 156, 1, 0.40%, 5, 0, 4, 33.50
1569785277, 0, 147, 171, 157, 1, 0.40%, 5, 0, 4, 33.66
1569785282, 0, 147, 172, 158, 1, 0.40%, 6, 0, 4, 33.67
1569785287, 0, 147, 173, 159, 1, 0.40%, 6, 0, 4, 32.58
1569785323, 0, 147, 173, 159, 1, 0.40%, 7, 0, 4, 32.66
1569785338, 0, 147, 174, 160, 1, 0.40%, 7, 0, 4, 32.81
1569785374, 0, 147, 175, 161, 1, 0.40%, 7, 0, 4, 33.32
1569785389, 0, 147, 176, 162, 1, 0.40%, 7, 0, 4, 33.52
1569785409, 0, 158, 176, 161, 1, 0.40%, 7, 0, 4, 31.84
1569785715, 0, 158, 177, 162, 1, 0.40%, 7, 0, 5, 33.71
1569785725, 1, 10, 177, 161, 0, 0.40%, 7, 0, 5, 29.50
1569786057, 1, 11, 177, 160, 0, 0.40%, 7, 0, 5, 7.44
1569787912, 1, 12, 177, 159, 0, 0.40%, 7, 0, 5, 6.67
1569788004, 1, 22, 177, 158, 0, 0.40%, 7, 0, 5, 6.64
1569789202, 1, 26, 177, 157, 0, 0.40%, 7, 0, 5, 6.59
1569789684, 1, 34, 177, 156, 0, 0.40%, 7, 0, 5, 33.01
1569789894, 1, 34, 178, 157, 0, 0.40%, 7, 0, 5, 32.42
1569789904, 1, 38, 178, 156, 0, 0.40%, 7, 0, 5, 32.68
1569790119, 1, 38, 179, 157, 0, 0.40%, 7, 0, 5, 31.94
1569790129, 1, 39, 179, 156, 0, 0.40%, 7, 0, 5, 32.83
1569790339, 1, 44, 179, 155, 0, 0.40%, 7, 0, 5, 32.46
1569790436, 1, 44, 179, 155, 0, 0.40%, 8, 0, 5, 32.83
1569790441, 1, 48, 179, 154, 0, 0.40%, 8, 0, 5, 32.30
1569790467, 1, 49, 179, 153, 0, 0.40%, 8, 0, 5, 33.06
1569790835, 1, 52, 179, 152, 0, 0.40%, 8, 0, 5, 7.98
1569791387, 1, 54, 179, 151, 0, 0.40%, 8, 0, 5, 6.67
1569791428, 1, 55, 179, 150, 0, 0.40%, 8, 0, 5, 5.88
1569791475, 1, 62, 179, 149, 0, 0.40%, 8, 0, 5, 5.82
1569791480, 1, 65, 179, 149, 0, 0.40%, 8, 0, 5, 6.97
1569791909, 1, 70, 179, 148, 0, 0.40%, 8, 0, 5, 27.74
1569792425, 1, 70, 180, 149, 0, 0.40%, 8, 0, 5, 11.81
1569792450, 1, 75, 180, 148, 0, 0.40%, 9, 0, 5, 30.92
1569792681, 1, 79, 180, 147, 0, 0.40%, 9, 0, 5, 31.96
1569792911, 1, 81, 180, 146, 0, 0.40%, 9, 0, 5, 32.36
